00100100000010000000000000001010
00100100000010010000000000000001
00100011101111011111111111111000
10101111101010000000000000000000
10101111101010010000000000000100
10001111101010010000000000000100
10001111101010000000000000000000
01110001001010000100100000000010
00100000000000010000000000000001
00000001000000010100000000100010
10101111101010000000000000000000
10101111101010010000000000000100
00100000000000010000000000000001
00010100001010001111111111110111
00100011101111010000000000001000
00000000000010010010000000100001
00100100000000100000000000000001
