100100000010000000000000001010
100100000010010000000000000001
100011101111011111111111111000
10101111101010000000000000000000
10101111101010010000000000000100
10001111101010010000000000000100
10001111101010000000000000000000
1110001001010000100100000000010
100000000000010000000000000001
1000000010100000000100010
10101111101010000000000000000000
10101111101010010000000000000100
100000000000010000000000000001
10100001010001111111111110111
100011101111010000000000001000
10010010000000100001
100100000000100000000000000001
